201 64
217 68
110 36
186 68
103 52
297 100
184 64
99 36
64 68
225 68
120 32
180 68
107 41
121 32
212 100
232 100
145 36
76 16
190 100
318 100
303 100
235 100
174 50
267 100
122 32
173 50
315 100
209 64
38 57
125 50
98 32
101 32
171 50
89 32
112 36
206 64
256 100
180 100
100 41
129 64
121 32
279 100
77 32
125 36
48 81
180 56
124 64
128 68
308 100
70 16
237 100
223 68
215 64
310 100
103 32
100 50
67 68
148 64
132 36
93 64
133 36
119 32
200 100
212 64
170 68
177 100
139 68
97 25
35 18
151 52
98 41
204 100
322 100
144 100
208 64
122 32
288 100
96 64
100 32
118 36
154 52
292 100
192 100
100 64
141 52
225 68
239 100
150 52
115 32
122 32
292 100
313 100
158 68
134 36
207 100
120 32
138 56
127 52
212 64
281 100
225 68
168 68
133 49
153 68
124 32
107 49
235 81
181 50
138 68
159 68
149 64
228 81
81 41
305 100
247 100
173 100
180 50
165 64
220 100
123 44
134 100
78 32
179 50
136 36
163 52
220 64
231 68
170 64
233 100
305 100
329 100
295 100
124 49
231 68
103 68
231 68
231 68
120 36
118 32
175 64
38 0
134 64
329 100
143 50
126 50
141 52
323 100
109 32
229 100
163 52
97 36
119 41
142 36
175 100
113 32
94 32
127 50
118 32
327 100
324 100
305 100
117 32
267 100
120 36
319 100
178 50
327 100
132 36
144 50
86 62
273 100
131 36
231 100
320 100
293 100
114 32
296 100
97 32
121 32
104 49
126 36
271 100
141 100
198 76
92 100
325 100
165 52
84 18
133 36
243 100
179 50
123 32
273 100
151 52
176 50
201 62
108 32
290 100
268 100
212 64
221 68
207 64
122 32
126 32
231 68
329 100
35 0
133 36
55 50
196 68
82 49
123 32
89 32
329 100
136 36
160 81
170 68
140 81
80 49
321 100
140 68
123 32
132 52
315 100
286 100
220 64
122 32
133 36
123 32
110 32
301 100
102 32
273 100
122 49
220 64
156 68
157 50
258 100
135 64
147 64
124 32
122 32
119 36
108 32
192 100
208 100
109 100
122 32
94 62
307 100
97 100
143 50
206 64
322 100
172 68
225 68
171 49
217 64
264 100
120 32
250 100
125 36
133 36
161 50
121 32
133 36
228 68
303 100
143 50
106 36
241 100
233 68
146 64
126 32
133 32
323 100
276 100
108 32
123 32
330 100
327 100
97 36
45 32
267 81
113 41
149 68
132 36
307 100
100 64
220 64
179 64
166 52
305 100
243 100
320 100
192 100
89 57
328 100
93 100
260 100
127 44
168 100
122 32
218 64
316 100
122 32
316 100
123 36
268 81
129 50
212 68
161 100
103 36
328 100
217 68
245 100
233 68
198 68
230 68
221 64
276 100
105 32
150 41
325 100
221 100
133 36
113 32
317 100
315 100
156 52
285 100
122 32
54 32
233 68
108 36
79 32
132 36
127 49
308 100
299 100
217 100
289 100
324 100
122 32
230 100
230 68
230 68
163 64
160 68
164 62
230 68
177 50
170 100
117 68
251 100
79 50
122 36
76 16
173 68
93 32
276 100
218 64
182 68
127 49
256 100
226 68
177 50
177 50
310 100
129 64
177 68
122 32
128 34
125 32
247 100
169 100
130 64
166 50
230 68
229 68
119 32
220 64
148 50
203 68
284 100
218 64
229 68
231 100
203 100
329 100
202 68
133 36
120 36
313 100
124 36
90 32
152 49
303 100
137 64
122 32
74 16
122 32
120 32
221 64
320 100
323 100
264 100
65 32
136 36
135 50
140 32
123 32
180 52
227 100
136 36
89 32
133 62
192 68
120 49
121 36
302 100
270 100
309 100
325 100
179 100
131 68
120 36
264 81
122 32
77 32
119 32
174 68
215 68
117 36
226 81
72 16
120 36
142 52
84 32
63 32
214 100
214 64
102 52
172 50
213 64
318 100
211 64
227 100
210 68
169 68
139 100
265 100
122 64
46 64
226 68
174 52
273 100
113 100
207 64
243 100
208 100
140 64
120 32
70 32
191 64
237 100
108 36
261 81
169 52
213 68
316 100
119 32
214 100
138 100
270 100
223 68
144 64
122 81
183 68
302 100
119 32
152 52
224 68
128 50
274 100
97 68
191 100
107 32
174 50
141 50
101 100
93 36
43 64
236 76
74 36
119 32
80 57
198 68
247 76
312 100