110 28
103 25
146 38
107 28
64 21
76 50
49 48
161 56
69 0
102 39
197 53
48 28
50 40
149 48
111 28
92 28
149 53
113 76
131 50
68 25
156 35
114 25
164 38
201 48
98 43
221 56
132 41
82 43
169 40
93 35
168 50
45 6
48 25
59 28
98 44
119 28
53 40
192 53
40 0
59 25
143 38
169 48
160 48
105 35
195 62
164 41
125 48
167 50
92 17
253 76
26 0
110 48
167 39
154 35
47 0
101 76
52 25
141 50
101 25
189 56
290 78
210 56
54 0
29 0
30 0
137 41
35 0
163 50
66 14
108 50
288 76
119 48
133 47
161 38
188 50
275 76
66 76
25 0
106 25
263 76
88 41
106 25
176 47
25 0
163 50
69 14
45 0
164 40
28 0
42 0
28 0
149 54
35 0
33 0
37 0
122 38
156 43
38 0
168 48
68 25
119 28
56 35
42 0
32 0
72 38
66 25
149 48
101 48
104 25
27 0
34 0
47 0
196 76
76 50
43 48
281 88
39 0
41 38
228 53
35 0
69 48
30 0
35 0
158 56
57 0
118 32
88 25
162 48
70 53
121 28
126 26
172 38
97 25
29 0
39 0
217 62
74 56
31 0
26 0
171 38
42 0
143 40
216 56
151 53
171 48
144 48
326 88
239 76
136 40
133 40
170 56
75 26
40 0
173 39
232 76
37 0
120 25
32 0
171 56
269 76
344 88
146 38
75 25
45 0
38 0
36 0
103 50
112 25
246 62
42 0
127 50
134 40
111 53
143 50
79 25
133 39
151 56
95 50
33 0
288 68
95 19
114 25
190 50
53 0
226 54
215 50
228 56
31 0
92 25
213 56
129 35
190 54
50 88
194 44
158 88
37 14
63 32
106 25
33 0
289 68
38 0
119 48
86 56
142 39
40 0
228 53
227 66
34 39
128 48
26 0
107 48
81 39
139 39
107 28
174 39
44 0
121 53
158 39
37 0
74 43
40 0
165 38
212 50
347 88
33 0
69 25
101 25
30 0
47 28
63 28
197 50
108 48
94 50
177 47
145 40
92 26
171 38
121 25
96 25
209 48
29 0
147 53
104 28
84 26
107 26
207 66
57 38
30 0
143 40
93 35
282 76
94 28
30 0
212 53
108 25
182 43
205 88
105 43
33 0
38 0
191 56
179 50
146 38
34 0
105 56
95 25
142 48
195 47
90 39
36 3
95 35
93 19
166 47
149 43
132 56
35 47
170 40
90 25
28 0
107 31
31 0
82 25
55 25
113 25
121 28
155 48
31 0
168 38
66 26
133 40
173 50
116 25
41 22
48 25
193 50
196 56
238 68
27 0
88 25
251 76
103 25
111 25
48 6
180 76
202 48
45 38
200 56
120 50
27 0
45 0
63 53
33 0
54 43
56 14
98 28
60 28
83 43
220 88
47 39
128 62
41 0
116 25
43 25
107 25
77 54
91 68
127 48
31 0
140 39
148 56
98 50
130 28
220 50
97 28
230 56
38 0
57 25
35 0
57 0
131 28
84 43
144 48
63 25
174 41
131 28
153 48
218 50
41 0
165 47
134 88
121 28
184 40
60 68
42 0
35 0
169 50
204 48
166 48
29 0
214 48
66 14
151 32
229 56
30 0
28 0
190 48
30 0
93 25
60 25
171 43
96 48
101 50
35 0
98 25
252 76
28 0
91 19
61 25
138 47
185 62
56 40
71 25
369 88
105 25
95 25
120 62
211 56
263 78
187 41
135 48
161 38
42 0
52 32
93 25
40 0
42 0
124 39
179 39
74 25
46 0
159 68
37 0
39 0
93 25
70 25
232 53
195 48
130 38
95 47
65 25
59 39
155 47
144 38
124 32
122 35
121 40
88 25
89 39
30 0
31 0
37 12
71 44
32 0
47 43
225 76
44 0
117 43
85 48
98 19
39 0
323 88
28 0
31 0
133 28
194 62
44 39
169 48
120 48
117 43
28 0
202 56
129 39
169 76
116 38
121 25
290 68
107 28
124 43
59 25
83 88
196 56
158 56
56 38
77 25
152 39
174 48
133 62
107 48
99 28
245 56
311 76
73 47
86 43
187 56
94 40
60 25
73 38
218 50
274 88
209 48
137 28
206 50
61 56
134 43
205 47
114 28
145 40
152 48
103 43
205 47
128 53
116 28
328 88
217 48
124 25
113 25
175 48
125 43
111 25
53 48
247 56
101 40
176 56
59 88
179 39
184 50
178 38
120 40
107 56
127 50