161 52
193 64
168 50
76 16
202 68
280 52
168 36
202 68
222 64
351 100
310 52
285 100
529 100
190 64
218 68
112 32
282 100
123 36
238 68
79 18
309 100
122 36
206 64
489 100
200 68
113 32
191 64
500 100
55 0
486 100
112 32
298 100
279 100
475 100
303 100
113 32
215 68
123 36
453 100
216 64
167 52
282 100
207 68
291 100
218 52
195 64
122 36
184 49
207 64
281 100
192 64
192 64
281 100
55 0
317 68
194 64
75 16
110 57
112 32
185 50
75 16
191 68
201 68
283 100
59 9
125 36
382 100
132 36
282 100
281 100
400 100
111 34
171 50
200 68
200 68
305 100
185 50
353 100
454 100
122 36
43 0
114 32
264 68
193 64
194 64
112 32
401 100
363 100
358 64
156 49
44 0
242 68
158 50
112 32
39 0
122 36
282 100
78 18
228 50
201 68
159 52
243 64
73 0
201 68
403 100
157 50
228 52
201 36
294 100
42 0
190 64
78 18
190 64
122 36
202 52
121 52
200 68
135 41
157 50
200 68
140 36
74 44
155 50
160 52
169 32
297 100
287 68
94 0
367 100
200 68
382 100
122 36
351 100
331 100
193 64
230 68
124 36
330 50
109 32
395 100
160 52
189 49
265 100
200 64
104 32
306 100
187 68
132 32
311 68
261 100
159 50
263 100
41 0
78 16
188 68
310 100
189 68
274 100
177 64
40 0
260 100
105 32
178 64
115 36
365 100
423 100
270 68
250 68
178 64
70 16
434 100
442 100
114 36
146 49
444 100
124 36
178 64
78 16
365 100
178 64
119 32
178 36
212 50
115 36
189 68
403 100
171 50
105 32
275 100
190 68
262 100
310 100
156 49
104 32
116 36
344 68
266 68
334 100
113 44
137 25
116 36
268 68
178 64
187 68
207 64
452 100
353 100
106 32
87 16
143 41
262 100
180 64
272 81
128 32
259 100
114 32
92 26
225 68
334 100
311 52
289 100
120 36
111 36
104 56
171 50
175 50
110 32
482 100
346 100
194 68
302 100
413 100
301 100
249 50
264 100
115 41
152 52
317 68
203 68
380 100
421 100
275 100
149 52
178 64
263 100
128 36
111 32
91 18
107 32
178 64
284 100
114 36
188 68
179 64
115 36
118 36
264 100
290 52
270 100
152 36
144 41
414 100
148 50
162 56
247 50
294 100
149 50
265 100
106 38
282 100
168 36
178 64
106 32
179 64
105 37
36 0
147 50
38 0
181 64
264 100
135 34
266 100
130 36
189 68
116 36
115 44
331 100
368 100
381 100
503 100
373 100
338 100
267 100
151 52
114 52
220 81
277 64
188 52
143 36
135 32
180 64
71 16
149 50
106 32
264 100
360 100
106 32
105 32
135 25
146 50
187 68
113 53
104 38
104 40
186 64
259 100
105 32
104 32
431 100
40 0
177 64
253 52
122 36
148 50
115 36
178 64
196 52
308 100
119 36
179 64
164 36
385 100
151 52
189 68
348 100
217 52
292 100
405 100
75 18
120 32
109 32
116 36
264 100
250 100
115 36
354 68
189 68
309 100
105 32
128 41
349 100
263 100
179 64
474 100
287 68
240 68
315 100
279 52
280 100
268 100
169 50
150 50
153 52
385 100
182 64
267 50
311 100
270 64
108 32
181 64
275 100
108 32
342 100
279 100
338 100
186 64
91 32
110 32
191 68
151 50
107 32
308 100
205 68
107 32
130 36
193 68
229 64
212 68
116 32
128 36
111 32
158 52
284 100
194 68
117 36
221 68
218 68
270 100
185 64
202 64
117 36
91 16
285 100
342 100
268 100
270 100
270 100
182 64
181 76
108 32
270 100
186 64
118 36
131 41
309 100
270 100
134 32
461 100
154 50
286 64
272 100
119 36
126 36
285 100
291 100
152 50
191 50
280 100
107 37
197 68
277 100
240 68
391 100
187 64
261 64
346 100
136 36
338 100
235 64
136 36
219 68
148 32
152 52
286 100
269 100
150 50
121 32
462 100
452 100
274 100
384 100
166 52
109 32
435 100
309 68
117 41
224 68
264 52
143 36
118 36
37 0
196 68
399 100
371 100
320 100
389 100
272 100
300 100
199 44
209 68
112 32
121 36
111 32
109 38
111 32
128 32
248 64
278 100
370 100
125 36
363 100
197 52
449 100
111 32
122 36
188 64
279 100
125 36
121 36
190 64
120 40
217 50
199 68
220 52
127 32
154 50
164 50
347 100
197 74
74 16
