74 17
133 39
136 53
145 69
168 53
146 76
180 60
137 53
235 76
161 50
177 73
54 14
149 53
112 56
261 88
234 76
199 66
110 34
128 39
100 34
140 53
118 39
116 39
183 82
137 53
130 39
129 53
117 34
167 53
109 53
207 76
164 53
219 78
159 60
122 39
200 69
172 60
85 36
130 39
140 43
197 69
124 88
159 73
150 53
154 53
134 54
160 82
140 43
230 78
70 17
136 53
232 79
206 69
210 73
111 43
99 60
179 73
217 78
174 57
146 53
127 39
244 100
145 53
144 57
147 53
120 36
185 60
167 53
220 78
138 53
135 47
137 53
53 17
208 73
199 80
151 56
151 53
116 34
161 57
64 17
103 34
113 54
98 27
89 34
167 53
167 53
111 39
209 73
142 66
150 53
178 63
162 54
137 56
145 53
120 36
233 78
165 53
232 88
218 69
71 67
146 50
125 36
178 53
286 100
293 92
169 63
178 53
140 53
172 57
191 73
110 36
152 53
251 86
110 47
222 76
121 36
93 34
53 17
121 36
134 44
139 44
75 19
157 54
155 50
142 53
142 47
220 92
165 73
225 78
125 53
161 53
174 66
169 60
174 57
114 36
255 92
165 73
122 39
157 53
166 56
207 69
96 60
165 53
224 92
117 34
204 69
32 4
191 66
128 56
218 73
178 69
110 36
216 73
228 80
234 82
217 78
176 57
141 53
126 76
200 76
158 53
118 41
208 69
143 53
238 92
121 53
176 73
222 79
120 36
242 82
174 56
120 50
140 43
98 34
182 69
33 2
111 41
168 53
155 53
105 36
171 73
149 47
176 56
144 53
180 57
155 53
108 36
173 78
172 60
179 60
151 57
222 82
167 56
133 39
189 69
160 53
120 34
185 67
211 69
127 39
195 69
118 34
235 82
158 60
266 86
213 69
156 73
174 60
201 69
272 92
244 86
166 78
151 53
242 79
161 78
278 95
196 76
144 54
75 19
178 60
159 53
168 53
106 53
227 100
202 66
108 34
127 47
130 39
171 66
151 53
209 73
120 47
180 69
138 60
138 82
143 73
192 60
176 53
182 76
233 73
208 69
291 92
142 43
151 43
130 36
169 66
186 82
178 53
61 2
177 69
149 53
210 78
193 88
182 53
111 34
142 39
164 57
176 53
243 76
178 53
206 67
205 76
108 27
208 82
158 53
124 34
113 36
175 53
111 34
168 53
222 69
148 60
212 66
245 78
123 39
227 78
201 78
120 34
185 60
220 82
143 54
157 54
157 47
223 69
93 34
200 69
122 43
237 82
129 39
175 53
253 92
224 69
176 53
138 43
154 78
207 67
122 54
131 60
116 34
203 66
169 53
157 69
151 47
147 73
214 82
165 57
196 80
172 60
271 88
242 78
162 54
299 100
222 78
137 39
133 39
219 69
141 47
129 53
137 39
175 53
175 53
206 76
229 73
171 53
252 79
110 39
129 34
32 2
230 73
218 73
234 78
100 27
177 53
158 53
172 53
152 56
114 34
148 76
174 53
248 82
160 53
216 76
204 69
112 34
122 43
125 43
156 78
126 39
134 43
225 76
193 66
177 73
201 82
145 47
92 39
229 82
159 57
130 43
179 76
207 69
143 53
151 53
199 66
185 69
165 53
100 43
220 82
198 66
79 34
87 31
211 79
246 82
234 82
110 39
101 39
105 34
204 73
120 36
152 54
70 17
75 19
231 78
99 76
218 73
198 73
155 56
195 76
156 50
84 82
198 76
128 56
153 79
211 78
168 56
114 78
154 53
116 34
131 78
169 66
172 57
149 69
137 43
203 78
199 69
147 53
228 78
233 82
213 82
203 92
217 73
109 54
99 43
207 69
77 0
243 82
147 66
187 78
185 73
221 76
141 53
188 61
162 53
243 82
150 53
136 47
81 34
140 53
151 54
164 53
155 54
137 53
165 54
144 47
69 17
123 53
216 76
117 34
125 39
219 82
141 50
200 69
154 53
110 39
118 36
145 47
148 53
117 48
157 53
278 95
140 57
137 53
291 100
228 78
160 53
165 53
243 82
179 67
153 53
161 69
98 34
185 60
156 60
178 73
85 21
71 17
110 34
109 34
187 76
158 57
207 73
160 53
218 92
101 31
90 34
159 53
144 54
152 53
161 53
124 60
141 60
132 50
148 53
134 53
159 53
269 95
134 53
59 19
109 69
143 53
240 92
113 34
118 36
166 73
142 47
135 56
112 39
160 66
141 56
236 82
142 53