387 76
41 0
386 68
183 50
374 48
277 78
155 38
209 56
214 56
192 48
52 0
117 25
113 26
174 44
135 25
97 32
168 39
43 0
126 28
232 56
151 35
188 40
196 38
151 28
48 0
223 50
278 76
40 0
137 31
186 48
39 0
318 76
186 39
129 28
38 0
256 56
116 25
38 0
254 56
189 48
110 26
195 50
272 62
187 48
143 26
113 34
97 19
189 48
216 57
314 76
218 56
484 68
156 38
157 39
313 76
183 47
248 56
479 76
204 53
193 50
38 0
309 78
191 50
81 14
202 53
125 28
307 68
111 31
231 47
212 56
384 76
322 76
242 62
308 76
192 50
113 50
165 41
97 19
206 50
212 28
220 50
448 88
164 35
113 25
119 32
240 56
122 39
182 40
166 25
211 56
42 0
145 32
140 21
426 88
274 68
213 56
42 0
122 35
474 88
38 0
202 28
415 76
324 76
378 88
592 88
371 68
39 0
38 0
172 28
195 50
163 40
69 3
38 0
443 88
248 66
138 28
141 25
186 48
205 56
43 0
239 53
106 14
234 48
212 56
342 56
113 25
193 50
122 26
538 88
214 56
116 25
117 25
261 50
43 0
100 19
196 50
161 39
207 39
376 88
269 76
121 28
74 0
123 28
377 88
268 76
204 56
246 56
134 28
289 56
275 62
110 25
203 53
53 6
73 12
92 19
108 25
188 47
175 39
112 19
260 76
75 14
184 28
163 25
108 25
181 40
373 88
331 88
205 40
297 76
303 35
181 45
43 0
125 28
44 0
114 25
145 28
415 76
362 78
199 50
282 76
160 40
211 47
186 48
275 76
390 88
249 68
46 0
112 50
302 76
378 88
156 25
276 76
268 66
38 0
319 47
165 25
214 39
478 88
107 14
305 88
339 88
307 56
379 78
272 48
341 88
277 50
194 50
316 68
211 56
215 56
334 47
205 48
445 88
299 56
211 56
123 25
255 48
96 28
185 47
44 0
189 48
114 25
126 28
212 56
272 40
49 0
316 68
331 88
211 48
235 48
166 40
312 50
425 68
254 68
126 28
38 0
450 76
114 25
277 76
469 68
40 0
53 0
174 43
275 48
282 66
344 76
386 62
168 25
37 0
187 40
284 53
137 28
121 32
121 29
159 40
447 88
111 39
208 56
366 54
122 28
196 47
58 0
115 57
40 0
171 43
327 88
156 39
38 0
199 53
190 50
228 56
257 56
191 50
326 88
199 50
225 25
275 68
151 25
408 68
487 76
641 88
222 53
77 6
216 48
184 48
122 28
306 88
328 88
216 53
112 25
266 28
172 39
214 56
163 38
271 76
117 26
50 0
469 88
117 26
295 76
122 28
211 53
226 78
228 50
172 43
154 32
215 47
207 56
337 88
211 56
135 32
164 38
155 39
121 40
36 0
154 39
40 0
376 76
38 0
169 43
207 56
112 25
135 32
84 14
39 0
292 68
158 28
45 0
117 26
524 76
207 56
328 43
329 76
378 88
354 88
175 38
200 48
38 0
169 43
320 88
303 48
208 56
468 88
41 0
366 76
192 50
307 88
181 47
207 56
45 0
151 28
437 88
216 56
213 50
209 56
39 0
172 54
284 66
424 76
262 68
208 48
361 78
112 25
189 50
96 19
39 0
54 0
169 39
161 38
201 56
146 38
149 38
83 14
377 78
163 39
148 39
110 38
290 88
93 14
146 28
258 76
292 76
164 28
150 25
198 56
249 40
172 47
124 25
215 50
110 25
41 0
200 56
258 76
327 100
116 28
219 56
60 0
97 21
230 56
260 50
182 40
44 0
327 78
126 25
174 47
240 68
147 38
250 43
213 53
35 0
124 25
200 56
238 53
38 0
181 50
607 88
41 0
56 0
446 88
177 50
302 76
175 28
109 25
62 6
309 56
180 48
117 25
242 56
157 38
206 48
105 28
115 28
194 56
135 28
197 50
40 0
42 0
194 56
203 50
193 56
160 32
254 76
143 38
159 44
48 0
160 28
104 25
392 76
171 48
191 56
262 56
89 32
440 76
174 48
168 47
353 68
40 0
167 43
145 28
286 88
552 88
159 50
179 48
489 88
194 56
113 53
206 41
36 0
216 56
199 56
34 0
320 100
135 25
187 53
38 0
286 88
127 25
37 0
133 25
114 28
189 48
259 56
131 25
146 39
40 0
43 0
172 50
115 25
178 50
288 88
260 76
149 28
112 47
336 50
326 88
182 28
197 48
232 62
104 26
259 76