271 100
31 0
95 25
31 0
41 64
127 36
30 0
289 100
34 0
92 64
36 2
33 0
121 36
42 0
30 0
212 64
34 0
67 36
27 0
82 81
85 36
176 68
31 0
29 0
43 34
49 49
38 0
27 0
140 68
176 64
27 0
43 32
119 64
48 64
30 0
142 68
32 0
69 16
64 64
40 0
141 41
45 49
171 81
128 36
28 0
29 0
117 32
141 41
29 0
36 0
27 0
33 0
28 0
40 0
39 0
191 64
27 0
36 0
28 2
31 0
41 0
39 16
84 36
29 0
106 64
30 0
93 32
31 0
35 0
33 0
24 0
34 0
150 68
67 36
167 68
197 68
35 0
60 41
34 0
126 36
64 16
202 68
39 16
28 0
171 52
105 32
73 16
31 0
30 0
33 0
127 36
38 0
222 68
178 81
92 32
71 36
185 68
30 0
38 0
105 36
225 68
27 0
31 0
102 32
30 0
34 0
35 0
29 0
38 0
116 32
120 64
30 2
25 0
123 68
40 0
225 68
28 0
92 36
114 32
31 0
320 100
39 0
224 68
64 38
217 81
27 0
167 64
25 0
29 0
27 0
90 34
149 64
32 0
38 0
77 81
108 36
109 32
25 0
33 0
35 0
38 0
37 0
63 36
181 68
37 36
49 16
28 0
114 100
32 0
24 0
208 68
212 64
86 32
138 41
26 0
174 81
42 68
100 36
101 68
70 16
38 0
35 0
76 16
28 0
27 0
111 32
145 41
89 68
227 68
58 16
85 64
179 64
203 68
52 64
119 36
101 32
95 36
212 81
33 0
29 0
115 32
30 0
65 68
137 41
28 0
112 36
181 64
201 64
98 64
51 32
32 0
76 64
107 41
48 41
29 0
94 34
77 32
35 0
168 64
25 0
121 36
29 0
34 0
213 64
129 36
44 0
70 32
77 68
222 68
31 0
96 32
81 32
160 64
34 0
130 68
105 36
104 68
69 36
33 0
109 36
29 0
28 0
26 0
27 0
40 16
214 68
105 68
77 52
31 0
209 64
60 32
31 0
27 0
173 100
56 68
49 16
56 0
121 36
28 0
27 0
196 68
32 49
32 16
46 36
31 0
32 0
60 16
30 0
35 0
32 0
111 32
157 64
128 36
207 81
139 52
40 0
132 64
47 49
214 68
98 36
48 16
115 32
106 32
98 34
71 16
30 0
75 18
37 0
168 68
115 32
112 32
35 0
109 68
117 68
128 36
47 36
73 49
117 32
29 2
27 0
214 68
90 64
106 36
212 68
48 16
33 0
43 0
124 41
36 0
211 64
41 25
32 49
160 68
62 16
109 36
70 16
28 0
31 0
30 0
75 36
45 18
34 0
32 0
28 0
170 64
65 25
30 0
55 52
209 68
46 16
199 68
228 81
154 64
160 81
32 0
101 64
82 36
29 0
41 0
30 0
99 36
209 68
38 16
223 68
133 64
67 16
52 32
30 0
186 64
28 0
27 0
31 0
77 41
59 36
34 0
51 18
78 32
55 16
30 0
92 36
142 41
32 0
141 64
150 64
147 68
196 68
168 49
112 68
30 0
30 0
129 36
129 68
26 0
136 64
42 0
39 46
125 81
109 100
41 36
24 0
58 32
118 68
30 0
30 0
33 0
225 81
147 68
85 41
30 0
32 0
177 68
39 0
46 16
138 68
88 64
25 0
41 68
34 0
85 32
32 0
31 0
57 18
40 0
26 0
29 0
47 64
138 41
26 0
29 0
58 32
51 41
50 36
39 0
101 32
206 64
119 36
30 2
62 41
32 2
181 64
116 36
101 32
94 64
205 64
28 0
37 0
74 32
126 64
150 68
224 68
185 68
29 50
101 81
32 0
198 68
104 41
28 0
38 0
26 0
150 64
158 68
26 0
30 0
24 0
82 64
30 0
105 36
34 0
206 68
154 68
127 36
27 0
40 0
144 41
60 32
27 0
105 64
89 36
88 68
33 49
27 0
123 38
87 68
112 64
72 36
25 0
72 68
153 64
38 0
29 0
59 68
111 41
27 0
98 32
214 64
40 32
149 64
27 0
41 0
119 68
26 0
28 0
99 32
47 16
60 32
74 64
30 0
38 0
71 32
155 68
112 32
25 0
116 38
86 64
212 68
163 68
34 0
28 0
69 16
32 0
99 36
101 32
29 0
45 18
210 68
32 0
27 0
42 36
38 68
180 64
99 41
28 0
95 68
208 68
128 36
63 32
190 68
122 36
103 32
76 32