83 16
263 68
73 16
37 0
37 0
42 0
208 68
36 0
265 100
150 41
197 68
144 36
179 49
36 0
221 81
358 68
116 36
36 0
137 32
108 32
43 0
152 50
190 64
186 64
39 0
214 64
195 64
380 68
115 16
256 68
345 68
110 32
39 0
188 64
37 0
189 64
213 64
198 68
37 0
198 36
67 2
42 0
141 36
45 0
109 32
40 0
189 41
73 16
110 16
144 36
325 81
196 68
44 0
92 16
151 41
185 64
45 0
109 16
75 40
119 36
38 0
108 32
180 62
243 81
37 0
36 0
194 68
192 64
227 81
37 0
35 0
108 32
137 41
121 32
137 32
219 64
118 36
116 32
118 36
208 68
193 68
40 0
147 36
37 0
72 16
108 32
186 64
36 0
108 32
120 32
140 36
117 36
113 16
106 32
111 32
211 68
38 0
234 81
299 68
124 36
47 0
123 36
137 41
261 68
41 0
192 64
198 64
76 16
155 36
39 0
39 0
165 41
53 0
124 36
141 41
214 68
38 0
193 64
38 0
37 0
38 0
225 68
203 64
45 0
136 41
114 32
191 32
257 81
289 81
155 49
40 0
128 32
191 64
52 0
74 18
40 0
211 41
155 49
117 32
303 100
41 0
43 0
39 0
38 0
39 0
43 0
151 32
270 68
353 68
37 0
43 0
75 16
162 52
194 64
42 0
113 32
38 0
193 64
191 64
196 32
107 16
37 0
124 36
113 32
134 36
371 68
38 0
196 36
122 36
155 49
218 36
152 36
39 0
182 41
234 81
242 81
113 32
38 0
193 64
202 68
153 41
230 68
38 0
97 25
144 41
114 32
123 36
193 64
220 68
113 32
192 64
233 81
237 64
138 32
219 68
123 36
182 36
346 68
187 36
37 0
341 68
101 16
112 32
48 0
39 0
193 64
114 32
192 64
40 0
387 81
191 64
48 0
298 64
136 41
153 36
38 0
206 68
43 0
250 41
39 0
113 32
40 0
203 68
114 32
39 0
228 68
204 68
236 64
275 68
76 16
355 68
49 0
51 0
314 68
125 36
200 64
123 36
289 68
37 0
173 36
350 68
42 0
294 81
202 68
278 68
223 41
197 64
233 81
135 41
157 36
233 68
39 0
40 0
297 68
193 64
202 68
115 32
124 36
114 32
222 64
309 68
147 32
174 36
146 41
220 68
40 0
257 68
112 32
194 64
39 0
146 41
41 0
240 68
42 0
135 25
266 81
215 64
41 0
204 68
137 36
40 0
275 81
78 22
235 81
150 41
188 36
192 41
41 0
208 41
36 0
186 64
146 36
39 0
96 16
108 32
162 41
187 41
37 0
104 16
118 36
48 0
292 64
38 0
109 16
159 49
211 68
74 16
119 36
131 41
191 64
117 32
184 64
198 64
36 0
36 0
40 0
36 0
117 44
45 0
232 64
223 68
225 64
119 36
116 32
39 0
40 0
132 41
196 68
131 32
38 0
38 0
220 68
123 36
36 0
204 64
150 36
36 0
124 32
156 50
342 68
270 100
196 68
220 68
241 64
225 36
320 68
109 32
222 41
131 41
161 41
78 16
252 68
157 52
116 32
39 0
44 0
206 41
110 32
37 0
270 68
121 41
187 64
235 68
333 68
112 32
240 68
153 36
134 41
99 16
136 32
44 0
114 32
122 34
216 68
113 16
200 64
125 32
139 41
129 36
42 0
165 52
189 64
73 16
255 64
110 32
36 0
247 81
187 64
137 36
193 81
225 81
146 36
130 41
225 81
134 18
336 68
309 81
90 16
36 0
204 41
287 64
36 0
215 68
50 0
36 0
240 68
185 64
232 68
151 32
118 36
130 41
172 41
170 41
163 41
75 16
109 49
328 68
197 68
41 0
131 41
42 0
51 0
76 16
372 81
139 36
239 81
37 0
147 32
39 0
304 68
123 36
122 49
235 81
40 0
50 0
123 36
113 32
119 34
196 64
38 0
38 0
113 32
248 68
110 16
202 68
205 41
209 64
42 0
167 41
357 68
237 64
199 68
295 64
286 81
109 32
38 0
43 0
209 64
231 81
140 36
202 32
44 0
230 64
89 18
206 68
206 68
43 0
125 36
114 32
124 36
114 32
170 41
41 0
126 36
191 64
192 64
140 36
49 0
186 64
250 68
225 81
40 0
194 68
39 0
404 68
205 64
221 68
37 0
135 41
110 32
115 37
94 25
36 0
310 81
137 32
138 41
119 36
187 64
195 64
44 0