156 34
150 73
215 78
252 76
197 73
165 53
180 47
151 53
280 82
196 73
218 82
110 34
166 88
176 60
321 76
155 73
214 82
122 17
177 79
110 34
111 34
199 76
214 82
153 53
237 92
79 19
189 54
149 53
237 92
88 34
348 69
201 56
361 73
178 66
110 34
154 53
214 82
102 30
238 92
181 67
275 78
232 69
170 60
203 78
161 66
177 66
201 76
126 88
194 73
261 82
280 79
304 92
256 100
154 53
114 34
157 53
386 76
154 69
212 79
152 53
157 53
153 53
153 53
165 53
289 54
162 57
169 60
206 78
112 34
273 82
243 82
156 53
197 53
299 73
134 43
122 34
160 60
203 76
96 27
155 53
119 34
130 43
76 17
131 30
296 69
200 73
305 69
143 50
207 78
220 82
154 53
278 100
193 60
251 69
255 82
100 21
170 60
158 53
199 76
313 56
120 39
234 82
116 36
168 60
159 56
157 56
237 92
149 53
195 73
187 69
316 82
155 56
186 69
222 47
311 78
240 92
169 61
206 78
137 53
179 66
395 82
285 82
198 73
266 69
120 54
227 76
187 69
162 57
156 54
208 79
136 47
153 53
187 60
200 76
247 82
110 34
242 92
160 66
166 60
204 76
154 53
201 69
151 41
189 69
89 14
163 57
203 73
186 53
161 57
258 82
134 43
131 43
358 66
162 78
153 53
194 53
387 92
351 82
158 57
186 69
299 76
152 53
157 56
187 69
259 66
216 82
226 56
201 67
204 54
246 95
217 69
167 60
271 76
428 80
186 69
386 82
114 57
151 61
151 54
191 53
226 86
150 69
194 73
157 56
182 67
210 78
128 43
73 17
150 53
153 54
88 23
200 76
254 100
307 86
238 78
132 43
136 47
195 73
109 36
200 76
386 73
133 23
136 47
151 53
186 69
185 69
110 34
156 61
197 73
159 57
173 57
149 53
365 86
291 73
207 76
116 36
193 53
222 86
111 34
118 36
149 53
399 76
161 54
204 78
264 88
83 21
215 69
151 53
195 41
149 53
168 60
151 53
97 28
74 27
243 76
160 56
262 88
111 34
394 92
205 78
404 82
201 76
180 66
134 47
112 44
172 63
69 31
83 23
227 53
92 28
206 50
182 67
185 69
150 53
189 53
158 53
209 88
263 76
227 82
151 54
201 76
185 54
190 69
115 60
204 76
203 80
262 78
111 34
152 53
296 76
153 53
149 78
84 21
149 53
151 53
305 76
238 86
197 69
165 60
121 39
227 76
189 69
164 54
293 86
237 53
216 76
151 54
74 17
265 53
257 76
211 82
147 60
116 36
146 53
207 54
242 53
135 47
156 21
309 82
210 82
120 34
206 79
229 92
174 66
163 60
205 73
129 34
207 44
147 53
185 69
379 76
194 47
199 78
115 41
234 66
196 53
312 69
146 53
139 21
254 76
248 100
181 69
194 69
203 73
146 53
128 43
291 73
81 61
146 69
190 73
285 86
80 47
190 73
247 82
181 60
146 54
234 92
340 78
308 76
195 60
192 78
119 39
223 86
154 54
186 69
211 92
147 60
169 73
331 76
214 82
120 39
203 78
120 39
151 53
195 82
111 34
214 54
149 56
226 76
136 47
281 88
116 36
370 78
156 60
352 69
201 76
116 36
230 82
150 69
161 57
154 53
140 47
137 47
218 82
150 56
123 43
255 100
129 43
180 66
362 76
196 73
179 53
200 76
112 34
200 76
120 39
201 54
217 82
221 73
190 69
155 54
204 76
192 69
172 61
220 36
159 53
216 73
161 56
156 53
306 73
167 57
208 78
256 56
123 34
155 53
130 43
177 54
153 53
207 54
194 50
395 76
239 92
202 73
74 17
265 78
189 69
271 69
243 53
218 82
203 76
182 66
189 69
230 88
159 57
189 69
258 82
202 76
189 69
443 69
143 47
345 76
153 53
197 73
152 56
151 53
204 54
218 67
198 73
270 69
360 76
201 76
151 53
195 53
249 53
151 53
215 53
45 4
230 66
227 76
150 53
231 76
153 53
135 21
150 53
150 53
111 34
191 69
289 53
187 69
168 60
168 60
333 53
151 53
151 53
226 88
77 21
207 69
148 53
169 47
107 34
168 53
382 78
146 53
147 54
107 73
138 50
339 76
134 56
126 43
149 54
146 53
189 66
205 78
178 53
146 53
146 53
196 76
211 54
217 78
346 82
253 76
195 76
191 34
148 53
146 53
225 78
201 78
200 78
303 73
120 39
