57 16
124 41
200 100
130 36
145 50
113 36
118 50
176 68
115 32
118 32
85 49
103 52
175 100
88 36
97 32
227 100
128 36
216 68
40 0
62 16
115 32
180 52
130 36
97 32
101 68
110 36
164 52
171 64
85 32
95 32
47 0
221 100
296 100
91 32
43 0
227 100
56 18
44 0
142 64
225 68
112 68
112 32
228 68
205 64
95 52
214 64
88 36
216 64
98 32
57 0
146 68
227 68
173 50
96 32
117 32
222 68
301 100
124 36
276 100
64 32
324 100
62 16
234 76
90 62
95 64
123 41
118 32
105 50
70 32
72 62
119 32
216 64
114 41
41 0
323 100
305 100
57 32
64 32
192 100
56 38
144 62
97 36
108 52
118 32
211 64
121 64
132 36
178 100
32 0
270 100
219 100
120 36
224 100
76 18
214 64
104 36
304 100
218 100
124 100
228 100
52 0
45 0
111 68
49 0
113 32
33 0
118 32
216 64
159 64
172 64
215 100
81 62
52 18
250 100
90 32
147 64
88 64
171 100
58 34
70 16
89 49
126 50
158 81
88 34
223 100
328 100
134 49
129 36
169 50
208 100
213 100
292 100
109 100
311 100
51 9
64 16
102 32
205 64
233 81
205 100
316 100
135 50
154 68
45 18
202 68
119 68
110 36
226 100
118 32
151 68
143 100
163 68
264 100
63 16
26 0
132 36
219 81
258 100
127 50
217 68
219 68
48 0
43 49
61 32
46 9
304 100
297 100
243 100
208 81
197 64
74 16
303 100
92 34
165 100
117 36
64 32
216 100
129 68
101 32
233 100
105 36
70 100
161 50
205 64
248 100
267 81
177 52
168 68
55 0
40 0
168 50
220 100
208 64
201 64
223 100
64 32
112 56
177 68
76 64
108 32
105 32
59 32
95 36
210 64
119 32
228 100
148 50
81 32
189 81
87 34
61 81
95 50
207 64
269 100
58 34
277 100
190 100
61 16
69 9
48 34
205 64
330 100
54 0
66 16
225 100
123 52
99 32
125 36
47 0
67 16
32 0
114 68
152 49
322 100
173 64
246 100
200 68
229 68
116 32
290 100
139 68
186 100
226 100
118 50
51 16
165 81
175 68
141 50
119 36
231 68
108 32
98 25
53 16
101 50
158 64
319 100
117 68
38 0
31 0
142 64
181 64
52 9
58 81
53 36
31 0
135 100
105 32
54 16
173 50
182 68
114 36
298 100
172 64
161 50
103 36
151 68
131 36
60 16
214 100
228 68
142 41
63 36
82 36
152 64
209 64
105 34
282 100
104 100
214 64
122 100
207 68
314 100
296 100
113 68
136 68
151 68
267 100
318 100
196 64
227 68
98 50
119 68
98 32
124 36
124 52
108 62
103 68
198 81
310 100
312 100
71 52
313 100
67 16
63 68
102 50
266 100
116 49
109 36
41 0
113 32
73 32
173 68
194 64
115 36
168 64
324 100
123 36
54 32
255 81
304 100
151 56
72 16
216 64
93 81
216 68
74 100
296 100
95 32
215 68
216 68
71 32
60 0
136 68
64 16
223 68
47 0
172 49
175 52
143 100
206 68
93 64
127 36
233 81
163 68
138 52
119 32
262 81
196 64
34 0
130 50
131 36
71 16
158 100
224 100
236 100
68 16
148 100
130 50
259 100
95 32
93 52
187 81
103 36
164 49
185 68
198 64
77 64
195 100
89 32
302 100
33 49
156 50
214 100
170 53
245 100
293 100
215 64
133 68
224 81
290 100
226 68
206 100
110 36
229 68
26 0
58 49
82 36
226 68
119 32
88 64
168 52
72 81
144 68
215 68
279 100
192 64
224 100
204 68
92 64
122 50
122 62
82 68
48 52
329 100
308 100
122 68
158 64
287 100
222 68
103 36
118 32
99 68
97 32
46 0
198 68
316 100
131 36
183 68
149 41
130 68
67 16
137 68
92 32
174 64
89 26
130 100
119 32
90 36
127 36
278 100
171 52
235 100
114 32
35 0
89 32
27 0
225 68
146 50
45 0
111 32
128 38
283 100
110 50
122 41
71 0
247 100
145 64
184 100
121 36
227 100
96 36
198 64
284 100
89 68
106 36
178 68
282 100
242 100
119 32
115 32
172 100
86 49
140 64
114 32
149 49
196 68
151 100
89 49
209 64
105 36
104 36
139 41
119 36
115 36
118 32
198 100
116 36
115 64
243 100
173 50
195 100
201 100
118 36
51 0
109 36
64 16
189 64
231 100
79 18
165 68
