134 28
66 25
35 0
35 0
34 0
51 0
201 53
85 35
73 56
190 48
52 0
172 76
234 53
146 38
121 25
57 19
133 26
45 14
83 43
52 38
274 88
178 88
190 47
34 0
253 68
106 25
50 0
128 28
141 47
73 28
226 56
54 12
37 0
196 48
179 41
92 50
98 28
255 76
53 6
43 0
212 56
192 47
184 48
196 43
199 50
181 38
142 39
237 53
197 48
206 53
84 31
176 66
322 76
42 0
49 0
38 0
91 25
219 76
36 0
226 50
102 43
178 48
48 0
101 26
127 25
182 53
52 0
133 50
112 47
170 38
94 40
104 68
39 0
34 0
223 50
95 50
104 25
123 44
182 47
121 50
129 48
195 44
134 28
99 25
158 41
244 56
35 3
225 62
140 28
36 0
225 50
181 50
161 48
216 47
170 48
201 47
344 88
262 88
52 0
299 88
139 28
245 56
45 0
214 47
124 25
75 26
117 25
127 25
100 28
292 68
152 48
61 14
43 28
44 0
82 14
218 53
198 43
79 41
100 38
48 47
98 26
39 0
82 56
107 48
161 43
139 28
44 0
224 56
174 50
94 56
199 43
50 6
246 56
140 40
130 56
128 28
321 76
82 38
46 0
163 53
207 48
127 25
187 56
69 0
223 76
269 62
231 53
43 34
356 88
244 76
322 88
244 68
191 48
325 88
65 0
217 48
371 88
202 50
372 88
161 39
47 50
196 48
106 56
202 47
133 26
166 40
68 14
332 88
137 28
93 40
50 32
217 48
55 0
123 25
112 47
33 0
303 88
287 88
104 26
143 48
289 76
155 38
36 0
82 76
36 0
126 25
156 53
218 56
40 0
298 88
104 26
181 39
34 0
93 48
126 25
215 56
133 26
108 28
161 43
228 62
41 0
39 0
250 78
219 56
283 76
149 48
102 38
267 68
236 53
43 0
204 48
368 88
292 76
160 40
231 54
128 40
66 50
100 38
103 25
32 0
44 0
175 38
35 0
35 0
44 35
130 39
36 0
35 0
103 88
55 56
180 48
140 48
141 40
150 50
46 0
47 43
152 39
130 43
182 50
41 0
33 0
225 56
113 48
126 25
88 28
61 0
110 25
99 19
169 76
96 48
73 0
286 76
49 0
35 0
138 28
42 28
235 53
40 0
180 39
138 34
44 0
58 47
56 0
175 76
296 88
90 38
39 0
105 28
126 25
267 76
104 28
213 53
36 0
185 56
169 48
198 43
62 0
162 38
115 43
246 56
325 76
190 56
47 31
41 0
229 53
32 0
193 43
297 76
144 50
213 50
35 0
35 0
33 0
71 12
242 56
117 25
235 88
77 25
180 39
56 56
46 0
50 0
231 56
167 50
156 39
120 43
112 25
181 39
84 14
155 56
114 21
206 50
39 0
77 28
62 35
50 0
84 39
135 28
59 56
180 38
109 43
151 48
127 25
47 26
126 25
232 56
89 39
79 50
242 54
156 40
35 0
296 68
52 38
127 25
77 14
212 76
122 38
212 50
280 76
46 0
175 48
59 43
185 50
128 28
234 76
41 0
87 28
108 20
50 0
35 0
269 62
75 28
152 38
108 56
244 68
168 48
321 78
170 50
120 25
374 88
133 40
120 25
152 39
187 43
114 68
102 25
164 50
35 0
35 0
182 41
76 25
40 0
224 76
306 78
34 0
100 22
204 47
118 56
117 88
39 48
44 0
99 40
133 28
73 21
31 0
161 39
32 0
44 0
235 56
223 88
308 76
45 14
53 25
178 56
142 38
32 0
110 56
38 0
39 0
66 0
174 39
295 76
133 48
70 0
45 25
106 50
44 0
122 25
57 39
148 38
118 28
173 38
122 25
36 0
323 88
156 35
291 100
63 34
116 41
82 25
172 56
154 50
304 78
35 0
285 76
81 22
38 32
120 25
181 54
81 28
113 40
271 88
45 0
199 57
93 25
237 88
36 20
114 25
179 39
289 76
168 48
177 38
151 44
243 56
265 76
193 56
137 47
179 38
92 40
260 76
50 0
154 43
77 50
36 0
56 25
292 76
32 0
283 68
290 88
269 88
224 56
87 32
51 25
322 76
61 12
80 25
145 50
123 25
210 48
135 28
174 56
35 0
210 48
35 0
35 0
174 48
96 56
123 25
275 68
357 88
190 47
119 39
148 32
113 25
158 56
112 25
242 56
97 53
90 43
164 39
76 53
327 88
243 76
91 48
96 53
135 48
71 0
124 28
133 78
333 88
