223 68
133 64
88 68
45 0
42 0
190 64
107 68
162 64
40 0
32 0
122 36
120 32
71 36
132 36
34 0
177 64
143 41
62 36
213 64
97 36
47 0
40 0
129 36
107 36
217 68
34 0
35 0
224 68
41 0
128 68
136 41
68 64
35 0
94 32
69 32
187 68
33 0
38 0
116 32
38 0
78 41
221 68
202 68
45 0
221 68
120 32
46 0
138 68
83 49
30 0
45 0
47 0
102 41
212 68
121 36
36 0
195 81
194 81
175 64
39 0
127 36
91 36
132 68
152 68
193 64
88 36
189 64
107 64
118 32
34 0
155 68
75 64
213 64
135 81
200 64
79 50
235 81
209 64
37 0
224 68
30 0
51 16
45 64
93 81
120 32
130 41
40 0
161 68
225 68
53 40
88 81
32 0
112 32
171 68
226 68
41 0
99 36
214 64
88 36
39 0
31 0
33 0
202 68
38 0
115 36
305 100
64 34
85 64
36 0
33 0
31 25
58 36
136 41
178 64
44 68
176 68
193 62
80 36
40 0
31 0
104 36
42 0
228 68
38 0
170 56
148 41
39 0
111 32
35 0
126 41
75 18
179 81
54 32
131 36
70 16
133 36
251 81
168 64
45 0
70 64
36 0
61 32
73 18
133 36
33 0
182 68
216 68
126 68
190 68
36 0
120 32
162 68
76 81
84 36
30 0
60 20
44 32
117 34
35 16
134 68
140 64
214 64
53 0
119 32
88 32
212 64
212 64
33 0
30 0
64 64
30 0
51 0
124 36
316 100
118 32
36 2
196 68
41 0
41 0
114 64
34 0
57 0
105 68
144 68
76 16
102 64
227 81
64 32
158 68
168 64
123 41
53 16
147 41
31 0
40 2
63 25
54 41
31 0
120 32
54 0
120 32
223 68
30 0
31 0
32 0
52 36
43 20
107 32
47 32
51 0
116 36
40 16
131 36
33 0
55 25
202 68
34 0
31 0
120 32
226 68
132 36
31 0
81 64
125 36
165 68
120 32
31 0
49 32
59 64
117 32
84 81
75 68
126 81
120 36
263 81
118 36
145 41
32 0
54 0
225 81
141 68
136 68
226 68
69 32
31 0
43 0
81 36
124 32
42 0
178 68
148 41
45 81
54 25
122 64
35 0
44 0
94 68
34 0
55 0
123 32
202 68
38 0
124 32
44 0
124 32
54 64
36 0
81 64
87 41
94 36
222 68
171 50
122 32
75 36
82 81
167 81
102 64
37 0
31 0
48 0
217 68
55 64
108 41
102 49
150 41
134 64
37 0
81 32
214 64
34 0
150 41
205 64
48 0
64 16
91 68
41 0
95 64
142 41
112 36
133 36
46 49
33 0
82 18
216 64
60 32
149 41
77 16
78 49
35 0
226 68
146 64
36 36
121 32
37 0
35 0
114 64
58 32
125 41
216 64
112 32
68 16
184 68
39 0
104 41
95 68
66 41
75 41
138 36
38 0
55 9
228 68
41 0
33 0
70 64
43 0
70 16
39 0
61 68
233 68
122 36
188 81
42 0
220 64
148 41
104 68
78 38
115 68
234 68
234 68
122 81
39 0
101 36
194 68
44 0
49 0
83 32
34 0
123 36
124 32
273 81
135 36
33 0
78 16
33 0
33 0
50 16
42 16
64 32
217 64
128 36
38 0
39 0
31 0
190 64
34 0
105 68
64 18
227 68
40 0
121 41
121 36
117 36
188 68
52 32
45 0
142 41
121 44
39 0
133 36
33 2
134 36
139 81
32 0
93 32
34 0
33 0
32 0
37 0
45 0
126 68
159 68
108 68
37 0
139 64
165 100
45 16
233 68
112 36
49 49
227 68
214 81
38 0
45 0
47 0
116 41
43 0
33 0
84 36
41 0
137 36
45 0
124 32
34 0
36 0
35 0
225 68
40 0
109 68
56 68
222 68
31 0
55 18
106 36
78 16
124 32
221 64
102 32
137 36
192 64
234 68
98 64
32 0
82 36
166 64
157 68
36 0
124 32
124 32
170 68
233 68
108 64
111 32
178 81
180 68
102 25
222 64
195 68
164 64
223 64
112 36
201 64
68 81
131 64
209 64
192 64
206 64
219 64
113 32
224 68
117 41
103 32
218 68
175 64
185 68
221 68
123 32
91 36
113 41
82 64
215 64
88 64
202 64
146 49
48 49
149 68
218 64
119 68
97 68
145 41
63 36
226 68
120 32
147 41
51 32
68 34
73 25
105 64
150 68
215 64
110 64
