79 21
209 69
120 34
100 39
168 53
175 56
179 57
134 43
221 76
227 76
292 100
157 82
206 76
154 53
245 82
256 86
121 34
159 54
233 78
220 82
183 69
172 54
90 34
172 53
206 76
128 34
89 21
178 53
152 47
250 78
189 69
152 53
309 100
161 54
176 54
260 82
244 100
129 34
235 76
182 56
152 53
166 53
280 88
241 73
82 23
128 34
180 53
171 56
153 53
159 54
161 53
139 39
170 53
172 56
226 73
171 53
60 10
64 14
224 73
168 53
170 67
131 39
174 56
179 57
109 34
176 53
133 44
135 54
130 39
138 43
138 43
154 47
223 73
166 54
137 43
131 44
228 82
163 53
179 57
121 34
190 60
234 78
222 79
82 19
224 73
202 78
145 53
274 92
126 39
164 53
171 54
106 39
221 88
224 73
150 69
273 92
190 69
244 88
118 54
103 53
177 57
169 56
120 34
123 36
224 73
177 57
178 60
149 53
107 53
228 82
120 34
119 34
172 56
197 69
240 82
178 57
154 47
229 76
91 30
151 53
252 100
245 92
109 34
237 82
233 78
173 54
177 73
274 92
256 88
121 34
169 53
193 76
179 56
182 57
260 88
249 83
232 80
109 36
177 60
234 82
167 53
257 88
88 21
141 43
169 54
167 56
145 63
163 53
174 53
173 53
251 78
192 57
73 17
94 21
163 47
182 53
181 53
201 60
228 69
165 53
182 53
181 54
175 53
162 53
265 82
202 60
156 60
129 34
183 56
120 34
240 73
248 78
181 53
280 100
252 78
277 86
181 53
228 69
174 60
238 80
292 100
154 44
170 54
302 95
264 82
182 53
236 78
204 60
157 54
277 86
91 21
277 92
244 76
139 39
121 34
128 34
288 92
229 69
182 53
227 76
266 82
246 76
181 53
182 53
88 60
168 53
249 78
244 82
164 47
238 80
182 53
218 69
146 50
277 86
195 57
187 56
181 53
264 82
167 47
177 53
182 53
129 34
86 19
183 57
93 21
200 73
142 56
246 76
246 76
181 54
189 60
143 39
251 82
146 43
207 73
274 92
251 82
129 34
59 2
214 76
265 82
243 80
246 76
207 73
80 14
256 79
94 23
182 53
265 82
85 53
179 53
182 53
183 56
159 53
194 57
126 34
151 53
171 54
206 76
169 53
101 27
211 69
295 100
132 39
286 100
169 53
189 67
134 69
133 53
220 82
278 92
99 82
152 69
174 60
172 73
169 54
229 78
204 73
170 53
120 34
132 39
168 53
161 54
80 17
167 53
155 47
241 80
154 53
223 73
121 34
165 54
171 53
107 34
156 53
148 47
264 92
187 66
81 19
163 53
165 53
214 69
182 56
224 78
131 36
88 27
119 34
177 53
179 56
46 5
249 82
111 39
165 50
221 69
259 86
184 56
306 100
260 86
82 19
246 86
161 53
206 66
229 76
185 60
75 17
111 34
167 54
112 31
230 78
158 53
182 57
171 76
93 41
148 53
172 54
192 69
283 95
177 69
208 73
169 56
186 82
152 53
171 69
39 2
147 53
275 92
112 31
82 21
152 53
238 82
202 78
96 34
164 53
108 47
135 43
121 39
182 66
264 92
258 86
157 53
143 54
167 53
95 34
215 82
155 56
141 60
211 69
166 54
222 73
222 73
159 57
75 0
148 47
179 60
204 67
208 73
161 53
208 76
131 39
113 34
178 82
100 27
213 76
220 73
164 53
164 53
167 53
119 34
182 60
79 21
134 53
84 21
208 69
209 76
133 82
117 36
150 48
168 54
108 53
163 53
131 66
209 78
124 53
188 66
212 76
130 39
144 54
206 69
130 39
161 56
236 86
146 53
116 34
158 53
248 88
162 56
194 67
145 53
206 69
221 76
165 53
113 43
166 53
215 76
162 56
167 53
125 53
189 78
59 0
154 53
133 54
166 53
236 80
144 54
110 31
148 47
245 88
207 69
119 39
164 53
166 53
150 47
151 56
214 86
191 69
178 73
165 56
181 69
217 73
142 54
165 53
183 69
85 17
163 54
166 53
141 47
143 53
164 53
126 53
209 69
208 69
173 60
109 31
196 67
150 60
229 78
172 69
96 34
213 78
195 73
218 73
178 60
181 60
150 47
216 73
118 53
236 80
205 67
53 8
168 53
231 79
234 78
105 34
94 54
117 34
218 82
197 66
164 56
213 73
140 43
191 78
141 53
123 53
147 47
200 66
210 78
295 100
138 41
164 53
126 39
101 28
